2

1360 1024

1304.623336964712 0 679.1411108626277
0 1304.132265835355 516.7866176830379
0 0 1

-0.1508153348744445 0.2348033843278075 -0.001528649432339241 -0.001455954632827263 -0.0790349583571562

1 0 0
0 1 0
0 0 1

0 0 0

1360 1024

1299.907326391736 0 669.2541461299747
0 1299.186314026876 486.9305650263095
0 0 1

-0.1447687799143889 0.04983793994936436 -0.00165144681497576 -0.001141567555005581 0.4645422072142171

0.9999990404969102 0.0008100275926332763 -0.001123770687461118
-0.0008073975459479421 0.9999969389178764 0.002338859568159903
0.001125661788292263 -0.002337949994321655 0.9999966334320143

0.128062243090842 -0.0004897286841985253 -0.0007922823670879567

0.9999687154922445 -0.002999562937536963 -0.00731919797343131
0.003008101517714937 0.9999948076303659 0.001155870912761058
0.007315692861899508 -0.001177851642440859 0.999972546274876

0.9999735513905652 -0.003824044618729055 -0.00618653393221668
0.003816823084228973 0.9999920212500972 -0.001178684728376216
0.006190991914402392 0.001155040648280337 0.9999801685534653

1218.450125735932 0 683.9217529296875
0 1218.450125735932 501.448413848877
0 0 1

1 0 0 -683.9217529296875
0 1 0 -501.448413848877
0 0 0 1218.450125735932
0 0 -7.808496300359396 0
